גם 11	2000	96	6
גם 11	2000	96	8
גם 11	2000	96	11
גם 11	2000	96	5
גם 11	2000	96	7
גם 11	2000	96	13
גם 11	2000	96	11
גם 11	2000	96	8
גם 11	2000	96	11
גם 11	2000	96	16
אגם הוא_VERB	2000	61	7
אגם הוא_VERB	2000	61	6
אגם הוא_VERB	2000	61	6
אגם הוא_VERB	2000	61	6
אגם הוא_VERB	2000	61	3
אגם הוא_VERB	2000	61	8
אגם הוא_VERB	2000	61	13
אגם הוא_VERB	2000	61	4
אגם הוא_VERB	2000	61	2
אגם הוא_VERB	2000	61	6
גם 11	1990	78	5
גם 11	1990	78	8
גם 11	1990	78	8
גם 11	1990	78	8
גם 11	1990	78	10
גם 11	1990	78	10
גם 11	1990	78	8
גם 11	1990	78	10
גם 11	1990	78	7
גם 11	1990	78	4
אגם הוא_VERB	1990	52	9
אגם הוא_VERB	1990	52	6
אגם הוא_VERB	1990	52	2
אגם הוא_VERB	1990	52	9
אגם הוא_VERB	1990	52	2
אגם הוא_VERB	1990	52	3
אגם הוא_VERB	1990	52	3
אגם הוא_VERB	1990	52	5
אגם הוא_VERB	1990	52	2
אגם הוא_VERB	1990	52	11
גם 11	1980	39	7
גם 11	1980	39	2
גם 11	1980	39	4
גם 11	1980	39	3
גם 11	1980	39	4
גם 11	1980	39	1
גם 11	1980	39	7
גם 11	1980	39	4
גם 11	1980	39	7
אגם הוא_VERB	1980	21	3
אגם הוא_VERB	1980	21	2
אגם הוא_VERB	1980	21	4
אגם הוא_VERB	1980	21	4
אגם הוא_VERB	1980	21	2
אגם הוא_VERB	1980	21	3
אגם הוא_VERB	1980	21	1
אגם הוא_VERB	1980	21	2
גם 11	1970	54	6
גם 11	1970	54	4
גם 11	1970	54	7
גם 11	1970	54	7
גם 11	1970	54	10
גם 11	1970	54	3
גם 11	1970	54	8
גם 11	1970	54	3
גם 11	1970	54	2
גם 11	1970	54	4
אגם הוא_VERB	1970	13	1
אגם הוא_VERB	1970	13	2
אגם הוא_VERB	1970	13	2
אגם הוא_VERB	1970	13	2
אגם הוא_VERB	1970	13	1
אגם הוא_VERB	1970	13	1
אגם הוא_VERB	1970	13	4
גם 11	1960	80	3
גם 11	1960	80	15
גם 11	1960	80	7
גם 11	1960	80	5
גם 11	1960	80	5
גם 11	1960	80	6
גם 11	1960	80	11
גם 11	1960	80	10
גם 11	1960	80	8
גם 11	1960	80	10
אגם הוא_VERB	1960	35	7
אגם הוא_VERB	1960	35	7
אגם הוא_VERB	1960	35	7
אגם הוא_VERB	1960	35	5
אגם הוא_VERB	1960	35	1
אגם הוא_VERB	1960	35	3
אגם הוא_VERB	1960	35	2
אגם הוא_VERB	1960	35	2
אגם הוא_VERB	1960	35	1
גם 11	1950	20	1
גם 11	1950	20	2
גם 11	1950	20	3
גם 11	1950	20	1
גם 11	1950	20	4
גם 11	1950	20	2
גם 11	1950	20	1
גם 11	1950	20	1
גם 11	1950	20	5
אגם הוא_VERB	1950	17	1
אגם הוא_VERB	1950	17	6
אגם הוא_VERB	1950	17	1
אגם הוא_VERB	1950	17	3
אגם הוא_VERB	1950	17	1
אגם הוא_VERB	1950	17	3
אגם הוא_VERB	1950	17	2
גם 11	1940	10	1
גם 11	1940	10	3
גם 11	1940	10	1
גם 11	1940	10	2
גם 11	1940	10	3
אגם הוא_VERB	1940	2	1
אגם הוא_VERB	1940	2	1
גם 11	1930	6	3
גם 11	1930	6	1
גם 11	1930	6	2
אגם הוא_VERB	1930	2	1
אגם הוא_VERB	1930	2	1
גם 11	1920	2	1
גם 11	1920	2	1
אגם הוא_VERB	1920	1	1
גם 11	1910	1	1
גם 11	1900	2	1
גם 11	1900	2	1
אגם הוא_VERB	1900	2	1
אגם הוא_VERB	1900	2	1
גם 11	1880	4	1
גם 11	1880	4	2
גם 11	1880	4	1
אגם הוא_VERB	1880	1	1
גם 11	1870	1	1
אגם הוא_VERB	1870	1	1
גם 11	1860	1	1
אגם הוא_VERB	1860	4	2
אגם הוא_VERB	1860	4	2
אגם הוא_VERB	1610	1	1
