2000	אגם הוא_VERB	61	61	7
2000	אגם הוא_VERB	61	61	6
2000	אגם הוא_VERB	61	61	6
2000	אגם הוא_VERB	61	61	4
2000	אגם הוא_VERB	61	61	13
2000	אגם הוא_VERB	61	61	6
2000	אגם הוא_VERB	61	61	3
2000	אגם הוא_VERB	61	61	2
2000	אגם הוא_VERB	61	61	6
2000	אגם הוא_VERB	61	61	8
2000	גם 11	96	96	11
2000	גם 11	96	96	8
2000	גם 11	96	96	6
2000	גם 11	96	96	13
2000	גם 11	96	96	11
2000	גם 11	96	96	5
2000	גם 11	96	96	7
2000	גם 11	96	96	16
2000	גם 11	96	96	11
2000	גם 11	96	96	8
1990	אגם הוא_VERB	52	52	6
1990	אגם הוא_VERB	52	52	2
1990	אגם הוא_VERB	52	52	11
1990	אגם הוא_VERB	52	52	2
1990	אגם הוא_VERB	52	52	5
1990	אגם הוא_VERB	52	52	3
1990	אגם הוא_VERB	52	52	2
1990	אגם הוא_VERB	52	52	3
1990	אגם הוא_VERB	52	52	9
1990	אגם הוא_VERB	52	52	9
1990	גם 11	78	78	4
1990	גם 11	78	78	7
1990	גם 11	78	78	10
1990	גם 11	78	78	8
1990	גם 11	78	78	10
1990	גם 11	78	78	10
1990	גם 11	78	78	8
1990	גם 11	78	78	8
1990	גם 11	78	78	8
1990	גם 11	78	78	5
1980	אגם הוא_VERB	21	21	2
1980	אגם הוא_VERB	21	21	2
1980	אגם הוא_VERB	21	21	3
1980	אגם הוא_VERB	21	21	4
1980	אגם הוא_VERB	21	21	2
1980	אגם הוא_VERB	21	21	3
1980	אגם הוא_VERB	21	21	4
1980	אגם הוא_VERB	21	21	1
1980	גם 11	39	39	7
1980	גם 11	39	39	1
1980	גם 11	39	39	4
1980	גם 11	39	39	2
1980	גם 11	39	39	3
1980	גם 11	39	39	4
1980	גם 11	39	39	7
1980	גם 11	39	39	7
1980	גם 11	39	39	4
1970	אגם הוא_VERB	13	13	2
1970	אגם הוא_VERB	13	13	4
1970	אגם הוא_VERB	13	13	1
1970	אגם הוא_VERB	13	13	1
1970	אגם הוא_VERB	13	13	2
1970	אגם הוא_VERB	13	13	2
1970	אגם הוא_VERB	13	13	1
1970	גם 11	54	54	4
1970	גם 11	54	54	3
1970	גם 11	54	54	7
1970	גם 11	54	54	8
1970	גם 11	54	54	2
1970	גם 11	54	54	3
1970	גם 11	54	54	4
1970	גם 11	54	54	6
1970	גם 11	54	54	10
1970	גם 11	54	54	7
1960	אגם הוא_VERB	35	35	3
1960	אגם הוא_VERB	35	35	2
1960	אגם הוא_VERB	35	35	7
1960	אגם הוא_VERB	35	35	1
1960	אגם הוא_VERB	35	35	7
1960	אגם הוא_VERB	35	35	5
1960	אגם הוא_VERB	35	35	7
1960	אגם הוא_VERB	35	35	1
1960	אגם הוא_VERB	35	35	2
1960	גם 11	80	80	15
1960	גם 11	80	80	3
1960	גם 11	80	80	5
1960	גם 11	80	80	6
1960	גם 11	80	80	11
1960	גם 11	80	80	10
1960	גם 11	80	80	8
1960	גם 11	80	80	10
1960	גם 11	80	80	5
1960	גם 11	80	80	7
1950	אגם הוא_VERB	17	17	1
1950	אגם הוא_VERB	17	17	3
1950	אגם הוא_VERB	17	17	1
1950	אגם הוא_VERB	17	17	3
1950	אגם הוא_VERB	17	17	2
1950	אגם הוא_VERB	17	17	1
1950	אגם הוא_VERB	17	17	6
1950	גם 11	20	20	1
1950	גם 11	20	20	2
1950	גם 11	20	20	3
1950	גם 11	20	20	1
1950	גם 11	20	20	4
1950	גם 11	20	20	2
1950	גם 11	20	20	1
1950	גם 11	20	20	1
1950	גם 11	20	20	5
1940	אגם הוא_VERB	2	2	1
1940	אגם הוא_VERB	2	2	1
1940	גם 11	10	10	1
1940	גם 11	10	10	2
1940	גם 11	10	10	1
1940	גם 11	10	10	3
1940	גם 11	10	10	3
1930	אגם הוא_VERB	2	2	1
1930	אגם הוא_VERB	2	2	1
1930	גם 11	6	6	3
1930	גם 11	6	6	1
1930	גם 11	6	6	2
1920	אגם הוא_VERB	1	1	1
1920	גם 11	2	2	1
1920	גם 11	2	2	1
1910	גם 11	1	1	1
1900	אגם הוא_VERB	2	2	1
1900	אגם הוא_VERB	2	2	1
1900	גם 11	2	2	1
1900	גם 11	2	2	1
1880	אגם הוא_VERB	1	1	1
1880	גם 11	4	4	2
1880	גם 11	4	4	1
1880	גם 11	4	4	1
1870	אגם הוא_VERB	1	1	1
1870	גם 11	1	1	1
1860	אגם הוא_VERB	4	4	2
1860	אגם הוא_VERB	4	4	2
1860	גם 11	1	1	1
1610	אגם הוא_VERB	1	1	1
